-0.00024 -0.01802 0.00962 -1.58831 -1.16998 -0.01745 -0.00226 0.08740 -0.02793 0.87066
0.00026 0.00001 -0.00451 -0.00024 -0.02062 -1.47124 -0.00526 -0.94765 -0.00821 0.00002
-0.00021 -0.00966 0.00002 0.00353 -0.00331 -0.00708 -0.00048 0.01390 0.02096 -0.00026
0.00015 -0.93045 -0.00638 -0.00001 0.12083 -0.00693 0.01117 1.79957 -0.00067 0.00973
0.00009 0.00015 -0.00403 -0.00049 0.00008 -0.00042 0.00001 0.00041 0.00027 0.00040
-0.00002 -0.00035 -0.00651 0.00069 -1.22512 0.00022 0.00008 0.00579 -0.00017 0.00005
-0.00083 0.00708 0.00251 -0.00316 1.45631 -0.91341 0.00014 -1.55815 0.02702 0.00317
0.00004 -0.00093 -0.00513 -0.00050 1.91309 0.00827 -0.00020 0.00002 0.00023 0.00043
-0.00027 -0.00805 0.00497 -0.00292 -0.06130 -0.81931 -0.01514 -1.40194 -0.00005 0.00015
0.00004 0.82086 -1.42239 0.00642 -0.03438 0.03423 0.00142 -0.02083 -1.95122 -0.00001
