0.00000 0.00000 0.00000 -1.57352 -1.12504 0.00000 0.00000 0.00000 0.00000 0.83744
0.00000 0.00000 0.00000 0.00000 0.00000 -1.49462 0.00000 -0.95610 0.00000 0.00000
0.00000 0.00000 0.00000 0.00000 0.00000 0.00000 0.00000 0.00000 0.00000 0.00000
0.00000 -0.93726 0.00000 0.00000 0.00000 0.00000 0.00000 1.68690 0.00000 0.00000
0.00000 0.00000 0.00000 0.00000 0.00000 0.00000 0.00000 0.00000 0.00000 0.00000
0.00000 0.00000 0.00000 0.00000 -1.19348 0.00000 0.00000 0.00000 0.00000 0.00000
0.00000 0.00000 0.00000 0.00000 1.38672 -0.94942 0.00000 -1.49941 0.00000 0.00000
0.00000 0.00000 0.00000 0.00000 1.91400 0.00000 0.00000 0.00000 0.00000 0.00000
0.00000 0.00000 0.00000 0.00000 0.00000 -0.86456 0.00000 -1.37223 0.00000 0.00000
0.00000 0.85535 -1.42964 0.00000 0.00000 0.00000 0.00000 0.00000 -1.97029 0.00000
